# R script for Peak Model
#  -- generated by MACS
p <- c(0.020275657663833477,0.02383178970579264,0.027098867164662074,0.03065119585684374,0.03411224415436549,0.03435946188990276,0.03417309775080544,0.0344279221858977,0.034557236078332575,0.03480065046409234,0.0348500940111998,0.03479304376453735,0.03494137440585971,0.03514675529384452,0.035302692634721876,0.035207608890284466,0.03537495628049431,0.035200002190729475,0.03519619884095197,0.03528747923561189,0.035428203177379256,0.03541679312804677,0.03561456731647658,0.03537115293071681,0.03534833283205183,0.035492860123596696,0.035823751554238885,0.03567161756313903,0.03567161756313903,0.03558794386803411,0.03555751706981414,0.03567161756313903,0.03574768455868896,0.03585037500268136,0.035823751554238885,0.0358047348053514,0.035816144854683894,0.036006312343558715,0.03615464298488107,0.036306776975980934,0.036496944464855754,0.036527371263075724,0.03651215786396574,0.036386647321308356,0.036504551164410745,0.03663386505684563,0.03660724160840315,0.03683544259505294,0.03682783589549794,0.03669091530350807,0.036679505254175584,0.03672514545150554,0.036892492841715384,0.03737171491367994,0.03731466466701749,0.0374097484114549,0.037478208707449834,0.03739453501234491,0.037432568510119876,0.03739833836212241,0.03748961875678233,0.03771021304387712,0.037580899151442235,0.03739453501234491,0.037668376196324654,0.037668376196324654,0.0377216230932096,0.03802208772563182,0.0381514016180667,0.03844045620115643,0.038318749008276545,0.03825028871228161,0.03863823038958625,0.03848989974826388,0.03838720930427148,0.03839101265404898,0.038562163394036314,0.03845186625048892,0.03853553994559384,0.038421439452268946,0.038604000241588776,0.038619213640698764,0.03840242270338147,0.03863442703980875,0.03874092083357865,0.038778954331353616,0.03873331413402366,0.03870288733580368,0.03876374093224363,0.0390109586677809,0.0389006615242335,0.0391136491117733,0.03906800891444334,0.03931902999975811,0.039570051085072874,0.039703168327285245,0.03988192576682758,0.04010632340369987,0.040011239659262454,0.04009111000458988,0.04047524833211702,0.04054751197788945,0.04097348715296906,0.04095827375385907,0.04088220675830914,0.04094686370452658,0.04106096419785147,0.04115604794228888,0.041342412081386205,0.04149074272270857,0.04165048341336342,0.04159343316670097,0.04134621543116371,0.04141847907693614,0.04152877622048353,0.04159343316670097,0.04160103986625597,0.0417759939560208,0.041985178193783106,0.04184065090223824,0.041882487749790705,0.04229705287553781,0.04239974331953022,0.04256709070974006,0.04270020795195244,0.042936015638157216,0.0430577228310371,0.04327831711813189,0.04319844677280447,0.04338861426167929,0.04351412480433667,0.04343045110923175,0.043711898992766486,0.043727112391876474,0.04393629662963877,0.04397052677763624,0.043917279880751295,0.04395151002874876,0.04424817131139348,0.04427099141005846,0.044533422544705714,0.044518209145595726,0.04468175318602807,0.04513435180955015,0.04539297959441991,0.04541960304286238,0.04581134806994452,0.04578472462150204,0.0457200676752846,0.046172666298806675,0.046362833787681496,0.04676979221387362,0.046940942953860955,0.04661765822277376,0.046507361079226366,0.04697897645163592,0.047313671232055605,0.047739646407135204,0.048112374685329855,0.04813899813377233,0.0481656215822148,0.048412839317752074,0.04860681015640439,0.04900235853326402,0.04905940877992647,0.04889206138971663,0.04905180208037147,0.049127869075921406,0.049040392031038986,0.04935987341234869,0.049401710259901144,0.04929521646613125,0.049435940407898615,0.04964512464566092,0.05020802041273039,0.050599765439812525,0.05056553529181505,0.050805146327797326,0.05142509234152925,0.05145171578997172,0.05161525983040407,0.051961364660156245,0.05241776663345581,0.0523302895885734,0.05241776663345581,0.05260032742277564,0.05291600545430785,0.05301869589830025,0.05316702653962262,0.05349031127070981,0.05366906871025214,0.05397714004222935,0.0540341902888918,0.05495079758526844,0.055080111477703315,0.055468053155007954,0.05554412015055788,0.055871208231422574,0.055863601531867584,0.05613363936606983,0.056228723110507244,0.05643790734826955,0.05655961454114943,0.05653299109270696,0.05690571937090161,0.05714913375666138,0.05770822617395335,0.05767399602595588,0.058130397999255456,0.05854496312500257,0.059164909138734484,0.0596859680582515,0.060062499686223646,0.060298307372428424,0.06071667584795303,0.06111602757459016,0.0614925592025623,0.06211250521629422,0.06232929615361152,0.06239395309982895,0.06287697852157101,0.06304812926155834,0.0632078699522132,0.06353495803307789,0.06390768631127254,0.06396473655793498,0.06392289971038252,0.064478188777897,0.06503728119518898,0.06561539036136843,0.0657599176529133,0.06582457459913074,0.06649396415997011,0.0669275460346047,0.06706446662659457,0.06753988534878162,0.06817884811140103,0.0683119653536134,0.06842606584693829,0.0686352500847006,0.06946438033619483,0.0701147531481467,0.07059397522011127,0.0712975949289481,0.0717235701040277,0.0720430514853374,0.0722560390728772,0.0725755204541869,0.07288359178616412,0.07334760045901868,0.07349593110034104,0.07400177662074807,0.07434407810072274,0.07434407810072274,0.07495261406512217,0.07551931318196914,0.07614686589525606,0.07678582865787545,0.07742479142049485,0.07810939438044422,0.07853536955552382,0.07900318157815588,0.07915151221947823,0.07956227399544785,0.07989696877586754,0.08055875163715191,0.0813118148930962,0.08171496996951083,0.08223983223880534,0.0822816690863578,0.08273807105965737,0.08297768209563965,0.083669891755144,0.08446479185864075,0.08475004309195298,0.08510375462126014,0.08517982161681008,0.08594429492208686,0.08642732034382891,0.08722222044732567,0.08790682340727501,0.08886526755120412,0.08911248528674139,0.0893026527756162,0.08988076194179566,0.09034096726487273,0.09094569987949466,0.09103317692437708,0.09204486796519114,0.09255832018515316,0.09276750442291545,0.09287780156646286,0.09367270166995961,0.09441815822634891,0.09518643488140319,0.0958101842449126,0.09652521400308194,0.09728588395858122,0.09785258307542818,0.09860184298159498,0.09949182682952915,0.10057958486589312,0.10139730506805486,0.1023063056648765,0.10308979571904077,0.10409007671052234,0.10465297247759181,0.10547069267975354,0.10592709465305311,0.10670297800766237,0.10747125466271666,0.10800372363156616,0.10865409644351805,0.10930066590569244,0.11021727320206909,0.11067747852514614,0.11151041212641787,0.11220642513569971,0.11268945055744177,0.11323713292540125,0.11401681962978802,0.11450745175108505,0.11514261116392696,0.11579298397587885,0.11661831087759558,0.11751209807530724,0.11825755463169654,0.11886228724631848,0.11963817060092774,0.12027333001376965,0.12069550183907175,0.12150561534167849,0.1222472685482903,0.12276072076825231,0.1231943026428869,0.12345673377753416,0.12425543723080841,0.12517204452718506,0.12572353024492203,0.12635108295820893,0.12702807921860332,0.12792186641631498,0.12868253637181426,0.12977029440817825,0.1306488682067799,0.13170239609514642,0.13244785265153572,0.13304878191638017,0.13409470310519167,0.1351406242940032,0.13622457898058968,0.13685973839343157,0.1376013916000434,0.13810723712045042,0.13869295298618486,0.13920640520614688,0.139620970331894,0.1407809920140304,0.14168999261085205,0.14244305586679634,0.1432417593200706,0.14405187282267734,0.14489241312350404,0.14564167302967085,0.1462007654469628,0.14714779954155943,0.1481442771832635,0.1482469676272559,0.14887071699076532,0.1495363032018272,0.14999270517512675,0.15084845887506346,0.15128584409947554,0.15210736765141478,0.15320273238733376,0.1537694315041807,0.15473548234766482,0.15567110639292894,0.1564583997968707,0.1569832620661652,0.15776294877055197,0.1583866981340614,0.15970265715707516,0.16038345676724702,0.1610224195298664,0.1622166713600003,0.16225470485777527,0.1632892159972543,0.16425146349096087,0.16511102054067509,0.16617595847837408,0.16713440262230317,0.1680738300173448,0.16903988086082888,0.16980815751588316,0.1702075092425203,