<!DOCTYPE HTML>
<html>
  <head>
    <meta charset="UTF-8">
    <title>SpaMo Results</title>
    <script type="text/javascript">
      //@JSON_VAR data
      var data = {"program":"SpaMo","version":"5.5.1","revision":"3d275f62a8ef9cdf5704816f061ff55251222cc9","release":"Sun Jan 29 10:33:12 2023 -0800","host":"c91b168878c4","when":"Thu Mar  2 21:51:35 2023","cmd":["spamo","-verbosity","1","-oc","memechip_out/spamo_out_2","-bgfile","memechip_out/background","-keepprimary","-primary","CCCCTCCCCCHYCCC","memechip_out/Ascl1_pooled_peaks_peaks1.fa","memechip_out/meme_out/meme.xml","memechip_out/meme_out/meme.xml","memechip_out/streme_out/streme.xml"],"options":{"seq_min_hit_score":7,"margin":150,"bin_size":1,"bin_pvalue_calc_range":150,"use_best_secondary":0,"seq_max_shared_fract":0.5,"seq_odds_ratio":20,"bin_pvalue_cutoff":0.05,"motif_evalue_cutoff":10,"redundant_overlap":2,"redundant_joint":0.5,"motif_pseudocount":0.1,"bgfile":"memechip_out/background","motif_trim":0.25,"xalph":0,"seed":1,"bin_max":34},"alphabet":{"name":"DNA","like":"dna","ncore":4,"symbols":[{"symbol":"A","name":"Adenine","colour":"CC0000","complement":"T"},{"symbol":"C","name":"Cytosine","colour":"0000CC","complement":"G"},{"symbol":"G","name":"Guanine","colour":"FFB300","complement":"C"},{"symbol":"T","aliases":"U","name":"Thymine","colour":"008000","complement":"A"},{"symbol":"N","aliases":"X.","name":"Any base","equals":"ACGT"},{"symbol":"V","name":"Not T","equals":"ACG"},{"symbol":"H","name":"Not G","equals":"ACT"},{"symbol":"D","name":"Not C","equals":"AGT"},{"symbol":"B","name":"Not A","equals":"CGT"},{"symbol":"M","name":"Amino","equals":"AC"},{"symbol":"R","name":"Purine","equals":"AG"},{"symbol":"W","name":"Weak","equals":"AT"},{"symbol":"S","name":"Strong","equals":"CG"},{"symbol":"Y","name":"Pyrimidine","equals":"CT"},{"symbol":"K","name":"Keto","equals":"GT"}]},"background":[0.2403,0.2597,0.2597,0.2403],"sequence_dbs":[{"source":"memechip_out/Ascl1_pooled_peaks_peaks1.fa","name":"Ascl1_pooled_peaks_peaks1","last_modified":"Thu Mar  2 21:42:08 2023","loaded":8566,"excluded_too_short":3337,"excluded_no_match":3986,"excluded_ambigs":0,"excluded_similar":11,"erased_primary_matches":0}],"primary_dbs":[{"source":"memechip_out/meme_out/meme.xml","name":"meme.xml","last_modified":"Thu Mar  2 21:49:15 2023","loaded":1,"excluded":2}],"secondary_dbs":[{"source":"memechip_out/meme_out/meme.xml","name":"meme.xml","last_modified":"Thu Mar  2 21:49:15 2023","loaded":3,"excluded":0},{"source":"memechip_out/streme_out/streme.xml","name":"streme.xml","last_modified":"Thu Mar  2 21:51:30 2023","loaded":19,"excluded":0}],"secondary_motifs":[{"db":0,"id":"CCCCTCCCCCHYCCC","alt":"MEME-3","len":15,"ltrim":0,"rtrim":0,"nsites":560,"evalue":"4.3e-025","pwm":[[0.00539895,0.903456,4.63667e-05,0.0910976],[4.29031e-05,0.8981,4.63667e-05,0.101811],[0.0268241,0.957018,0.0161145,4.29031e-05],[0.123235,0.708849,4.63667e-05,0.16787],[0.232144,0.0786033,0.133951,0.555301],[4.29031e-05,0.969516,0.0179002,0.0125407],[0.0411066,0.958804,4.63667e-05,4.29031e-05],[0.0375362,0.767766,0.0286123,0.166084],[4.29031e-05,0.949877,4.63667e-05,0.050034],[4.29031e-05,0.849895,0.0696769,0.0803856],[0.382118,0.339272,0.0303979,0.248213],[0.173226,0.394619,0.0821747,0.34998],[0.0964547,0.53388,0.171445,0.198222],[0.0857416,0.53745,0.180371,0.196437],[0.0678878,0.616007,0.0661056,0.249998]]},{"db":0,"id":"GCAGVTGK","alt":"MEME-2","len":8,"ltrim":0,"rtrim":1,"nsites":4296,"evalue":"9.1e-187","pwm":[[0.245577,0.22556,0.528858,5.59345e-06],[5.59345e-06,0.999983,6.04502e-06,5.59345e-06],[0.999982,6.04502e-06,6.04502e-06,5.59345e-06],[5.59345e-06,6.04502e-06,0.999983,5.59345e-06],[0.224628,0.436681,0.338685,5.59345e-06],[5.59345e-06,0.00023904,6.04502e-06,0.999749],[5.59345e-06,6.04502e-06,0.999983,5.59345e-06],[0.133847,0.192041,0.39455,0.279561]]},{"db":0,"id":"RVRGCAGSTGB","alt":"MEME-1","len":11,"ltrim":2,"rtrim":1,"nsites":7358,"evalue":"3.9e-978","pwm":[[0.267736,0.17369,0.427152,0.131423],[0.237972,0.317205,0.311904,0.132918],[0.507063,0.0202533,0.333106,0.139577],[0.140936,0.100165,0.758895,3.26579e-06],[3.26579e-06,0.99999,3.52944e-06,3.26579e-06],[0.998903,0.00109051,3.52944e-06,3.26579e-06],[3.26579e-06,0.000954517,0.998903,0.000139264],[0.118105,0.555174,0.326718,3.26579e-06],[3.26579e-06,3.52944e-06,3.52944e-06,0.99999],[3.26579e-06,3.52944e-06,0.99999,3.26579e-06],[0.0684993,0.311497,0.396165,0.223838]]},{"db":1,"id":"1-RGCAGCTGCY","alt":"STREME-1","len":10,"ltrim":0,"rtrim":0,"nsites":6564,"evalue":"1.8e-092","pwm":[[0.427684,0.0819925,0.367751,0.122573],[0.197111,0.254962,0.546219,0.00170899],[1.6586e-05,0.999947,1.97411e-05,1.6586e-05],[0.999944,1.97411e-05,1.97411e-05,1.6586e-05],[1.6586e-05,0.165228,0.741771,0.0929848],[0.0929848,0.741771,0.165228,1.6586e-05],[1.6586e-05,1.97411e-05,1.97411e-05,0.999944],[1.6586e-05,1.97411e-05,0.999947,1.6586e-05],[0.00170899,0.546219,0.254962,0.197111],[0.122573,0.367751,0.0819925,0.427684]]},{"db":1,"id":"10-AAAGAAAG","alt":"STREME-10","len":8,"ltrim":0,"rtrim":0,"nsites":241,"evalue":"1.7e-002","pwm":[[0.769959,0.0203901,0.0551925,0.154459],[0.976455,0.000936393,0.000936393,0.0216729],[0.775353,0.0218311,0.000936393,0.20188],[0.000778226,0.000936393,0.997507,0.000778226],[0.963348,0.000936393,0.000936393,0.0347796],[0.976455,0.000936393,0.000936393,0.0216729],[0.846131,0.0275132,0.0329494,0.0934071],[0.106402,0.132226,0.732219,0.0291534]]},{"db":1,"id":"11-ACAGCTGT","alt":"STREME-11","len":8,"ltrim":0,"rtrim":0,"nsites":161,"evalue":"2.4e-002","pwm":[[0.929127,0.0251366,0.0251366,0.0206001],[0.0206001,0.933663,0.0251366,0.0206001],[0.929127,0.0251366,0.0251366,0.0206001],[0.0206001,0.0251366,0.933663,0.0206001],[0.0206001,0.933663,0.0251366,0.0206001],[0.0206001,0.0251366,0.0251366,0.929127],[0.0206001,0.0251366,0.933663,0.0206001],[0.0206001,0.0251366,0.0251366,0.929127]]},{"db":1,"id":"15-CATCTGC","alt":"STREME-15","len":7,"ltrim":0,"rtrim":0,"nsites":190,"evalue":"4.8e-002","pwm":[[0.0205792,0.933727,0.0251144,0.0205792],[0.929192,0.0251144,0.0251144,0.0205792],[0.0205792,0.0251144,0.0251144,0.929192],[0.0205792,0.933727,0.0251144,0.0205792],[0.0205792,0.0251144,0.0251144,0.929192],[0.0205792,0.0251144,0.933727,0.0205792],[0.0205792,0.933727,0.0251144,0.0205792]]},{"db":1,"id":"16-TTAATTA","alt":"STREME-16","len":7,"ltrim":0,"rtrim":0,"nsites":1405,"evalue":"4.9e-002","pwm":[[0.0766366,0.0352542,0.203385,0.684724],[0.00655558,0.0286178,0.0350295,0.929797],[0.672554,0.219479,0.0927699,0.0151969],[0.758917,0.00914776,0.0600904,0.171845],[0.191096,0.125933,0.0661105,0.616861],[0.00623538,0.000361212,0.038707,0.954696],[0.99898,0.000361212,0.000361212,0.000297744]]},{"db":1,"id":"2-AACAAWRG","alt":"STREME-2","len":8,"ltrim":0,"rtrim":0,"nsites":1895,"evalue":"7.3e-009","pwm":[[0.61635,0.0423373,0.243318,0.0979947],[0.972831,8.57416e-05,8.57416e-05,0.0269974],[7.16678e-05,0.983405,0.0164517,7.16678e-05],[0.963314,8.57416e-05,0.021706,0.0148939],[0.999757,8.57416e-05,8.57416e-05,7.16678e-05],[0.525123,0.026304,8.57416e-05,0.448487],[0.335666,0.0180581,0.638212,0.00806353],[0.170692,0.121699,0.677335,0.0302739]]},{"db":1,"id":"3-CCCCTCCCCCAYC","alt":"STREME-3","len":13,"ltrim":0,"rtrim":0,"nsites":457,"evalue":"4.5e-008","pwm":[[0.0105893,0.897462,0.000160442,0.0917882],[0.000137425,0.949918,0.00538626,0.044558],[0.000137425,0.999565,0.000160442,0.000137425],[0.0728561,0.825777,0.000160442,0.101206],[0.25413,0.0377584,0.148655,0.559457],[0.000137425,0.999565,0.000160442,0.000137425],[0.000137425,0.999565,0.000160442,0.000137425],[0.000137425,0.905406,0.000160442,0.0942966],[0.0691583,0.907027,0.0236766,0.000137425],[0.0430298,0.93991,0.00647063,0.0105891],[0.513653,0.231014,0.0289027,0.22643],[0.195226,0.457022,0.0954034,0.252348],[0.114143,0.515708,0.143318,0.226831]]},{"db":1,"id":"4-ATGCAAATGA","alt":"STREME-4","len":10,"ltrim":0,"rtrim":0,"nsites":404,"evalue":"1.6e-007","pwm":[[0.877408,0.0110769,0.0428545,0.06866],[0.0330483,0.0205911,0.023064,0.923297],[0.0511166,0.0308517,0.824685,0.0933462],[0.0665138,0.710792,0.0947311,0.127963],[0.765855,0.0364905,0.0383509,0.159304],[0.939758,0.0224509,0.0182888,0.0195024],[0.912138,0.0257768,0.0357387,0.0263468],[0.00567405,0.0510723,0.00763391,0.93562],[0.0720593,0.112947,0.737214,0.0777797],[0.727105,0.0606389,0.0936143,0.118643]]},{"db":1,"id":"6-CAGCTGC","alt":"STREME-6","len":7,"ltrim":0,"rtrim":0,"nsites":717,"evalue":"1.6e-003","pwm":[[0.0204943,0.933988,0.0250236,0.0204943],[0.929459,0.0250236,0.0250236,0.0204943],[0.0204943,0.0250236,0.933988,0.0204943],[0.0204943,0.933988,0.0250236,0.0204943],[0.0204943,0.0250236,0.0250236,0.929459],[0.0204943,0.0250236,0.933988,0.0204943],[0.0204943,0.933988,0.0250236,0.0204943]]},{"db":1,"id":"8-CTCCCAC","alt":"STREME-8","len":7,"ltrim":0,"rtrim":0,"nsites":315,"evalue":"8.5e-003","pwm":[[0.0205334,0.933868,0.0250654,0.0205334],[0.0205334,0.0250654,0.0250654,0.929336],[0.0205334,0.933868,0.0250654,0.0205334],[0.0205334,0.933868,0.0250654,0.0205334],[0.0205334,0.933868,0.0250654,0.0205334],[0.929336,0.0250654,0.0250654,0.0205334],[0.0205334,0.933868,0.0250654,0.0205334]]}],"sequence_names":["chr10:110449369-110449974","chr10:115184788-115185168","chr10:127659533-127660265","chr10:17827333-17827811","chr10:25707897-25708340","chr10:26759389-26759858","chr10:3940966-3941684","chr10:45799948-45800398","chr10:52428101-52428508","chr10:60351583-60352223","chr10:61009215-61009532","chr10:67018943-67019346","chr10:69701216-69701723","chr10:7149743-7150279","chr10:7582048-7582766","chr10:77689827-77690926","chr10:79900894-79901359","chr10:80444352-80444709","chr10:8084419-8084838","chr10:81450133-81450457","chr10:85035217-85035612","chr10:85215408-85215863","chr10:85327889-85328438","chr10:90019282-90019712","chr10:95145608-95146050","chr10:96308702-96309463","chr10:96391979-96392350","chr10:96658901-96659298","chr11:100975222-100975662","chr11:101189917-101190326","chr11:101334459-101334917","chr11:102335103-102335725","chr11:102768974-102769335","chr11:106366239-106366649","chr11:108877469-108877933","chr11:113583958-113584642","chr11:114568060-114568817","chr11:114795134-114795717","chr11:114844109-114844546","chr11:116086935-116087285","chr11:117317657-117318125","chr11:118972960-118973344","chr11:120296622-120297158","chr11:120647921-120648478","chr11:19851152-19851721","chr11:22610224-22611063","chr11:30161179-30161640","chr11:33231889-33232280","chr11:3573103-3573511","chr11:40491604-40491980","chr11:4146077-4147628","chr11:4228313-4228974","chr11:44746679-44747143","chr11:51943050-51943593","chr11:52775423-52775807","chr11:55633854-55634332","chr11:57858506-57858852","chr11:61081573-61081960","chr11:64396420-64396962","chr11:69361966-69362444","chr11:73036707-73037275","chr11:75260208-75260733","chr11:77865107-77865554","chr11:78848875-78849369","chr11:79002537-79002971","chr11:79593497-79593874","chr11:80284675-80285207","chr11:82304805-82305326","chr11:83782084-83782548","chr11:84570480-84571052","chr11:84585563-84586071","chr11:84627267-84627818","chr11:85900379-85900800","chr11:87276428-87277115","chr11:87573728-87574157","chr11:88253618-88253986","chr11:94044030-94044400","chr11:94928904-94929305","chr11:95228617-95229008","chr11:95392126-95392890","chr11:96929128-96929584","chr11:97025684-97026034","chr11:97401135-97401578","chr11:98034894-98035248","chr11:99580634-99581092","chr12:100303998-100304855","chr12:100998025-100998431","chr12:104644627-104645258","chr12:108546757-108547207","chr12:110483753-110484260","chr12:111337605-111337970","chr12:17599645-17600024","chr12:25475339-25475837","chr12:27140242-27140808","chr12:27593472-27593881","chr12:27724618-27725107","chr12:28816931-28817852","chr12:44403714-44404073","chr12:54834873-54835274","chr12:70422281-70423216","chr12:70852927-70853433","chr12:76547546-76548202","chr12:80551716-80552121","chr12:81219276-81219685","chr12:83848800-83849252","chr12:86167099-86167633","chr12:99776578-99776984","chr13:110048780-110049153","chr13:28718336-28718935","chr13:38108947-38109471","chr13:4125802-4126174","chr13:43516774-43517483","chr13:46619510-46620001","chr13:49020083-49020682","chr13:49169489-49170144","chr13:51842229-51842647","chr13:51930423-51930855","chr13:54215868-54216423","chr13:55374212-55374635","chr13:55484567-55484985","chr13:56690119-56690521","chr13:63278907-63279234","chr13:70379139-70379737","chr13:81629304-81629683","chr13:84348088-84348495","chr13:94575668-94576228","chr13:95535057-95535893","chr13:95774814-95775598","chr13:97572335-97572744","chr13:97747549-97747883","chr14:121397433-121397881","chr14:121615527-121615909","chr14:12388932-12389495","chr14:25500469-25500800","chr14:32634319-32634776","chr14:40690066-40690429","chr14:62425120-62425763","chr14:67308099-67308447","chr14:70132777-70133252","chr14:70461083-70461697","chr14:72435999-72436496","chr14:76437866-76438214","chr14:76500013-76500436","chr15:101221465-101222163","chr15:101375700-101376377","chr15:101553175-101553648","chr15:102399415-102399877","chr15:102709389-102709766","chr15:26040514-26040965","chr15:30141769-30142167","chr15:31418698-31419099","chr15:38384261-38384723","chr15:67018267-67018670","chr15:6909697-6910101","chr15:73466595-73467031","chr15:74398218-74398759","chr15:77355197-77355649","chr15:78486438-78487017","chr15:78770864-78771491","chr15:78927936-78928319","chr15:79126212-79126686","chr15:79481217-79481731","chr15:7999197-7999606","chr15:81802512-81802907","chr15:84212370-84213140","chr15:84657272-84657993","chr15:85016961-85017402","chr15:85985561-85986081","chr15:86188203-86188645","chr15:88352138-88352549","chr15:93084937-93085383","chr15:96604278-96604773","chr15:98954888-98955386","chr15:98991067-98991454","chr15:99440425-99440935","chr16:11040612-11041045","chr16:11568102-11568550","chr16:13428807-13429361","chr16:18400683-18401150","chr16:20522194-20523274","chr16:20611281-20611742","chr16:29761762-29762367","chr16:29860351-29860824","chr16:30050814-30051307","chr16:30527884-30528301","chr16:30633946-30634426","chr16:33673498-33673972","chr16:33889286-33889632","chr16:37990623-37991428","chr16:38360266-38360746","chr16:47023663-47024055","chr16:50519600-50520112","chr16:52083158-52083653","chr16:57412625-57413200","chr16:6964849-6965260","chr16:8311960-8312361","chr16:88700954-88701491","chr16:90921399-90921839","chr16:92052391-92052784","chr16:9280830-9281274","chr16:93308847-93309602","chr17:10105243-10105678","chr17:12370219-12370774","chr17:13668579-13669114","chr17:15342988-15343628","chr17:15376754-15377324","chr17:16005193-16005563","chr17:25509178-25509646","chr17:25608458-25609260","chr17:25656172-25656560","chr17:25668379-25668941","chr17:25802985-25803425","chr17:27505418-27505974","chr17:28036995-28037770","chr17:29056693-29057153","chr17:31586357-31586809","chr17:34387879-34388473","chr17:35236273-35236673","chr17:35697575-35698205","chr17:35704420-35704872","chr17:35917620-35918186","chr17:47511216-47511677","chr17:49384560-49385055","chr17:52601252-52601641","chr17:5295592-5296100","chr17:56800171-56800530","chr17:65931488-65931933","chr17:7271495-7271954","chr17:74993909-74994304","chr17:80517147-80517705","chr17:8204999-8205740","chr17:8367957-8368305","chr17:8371681-8372087","chr17:87361141-87361686","chr18:11892227-11892832","chr18:11979222-11979656","chr18:18146618-18147054","chr18:32391139-32391499","chr18:34884466-34884970","chr18:4757507-4757881","chr18:55133676-55134103","chr18:55209803-55210288","chr18:57862129-57862544","chr18:5831684-5832021","chr18:6308191-6308634","chr18:66510309-66510903","chr18:72949050-72949796","chr18:75607086-75607498","chr18:75724355-75724760","chr18:76126007-76126442","chr18:77009497-77010068","chr18:79071141-79071852","chr18:83255764-83256312","chr18:86158316-86158762","chr19:10451001-10451394","chr19:12488690-12489240","chr19:15516871-15517475","chr19:21039595-21040079","chr19:21784350-21785181","chr19:28190218-28190670","chr19:31255743-31256310","chr19:32726431-32727003","chr19:3923590-3924026","chr19:41697476-41697880","chr19:45559994-45560434","chr19:4586865-4587203","chr19:45937455-45937846","chr19:46490555-46490947","chr19:46517640-46518300","chr19:46527630-46528017","chr19:47019277-47019744","chr19:47222380-47222970","chr19:47327847-47328310","chr19:4787453-4787863","chr19:53748677-53749082","chr19:5525230-5525568","chr19:5810489-5811030","chr19:58691240-58691779","chr1:104746696-104747304","chr1:106072026-106072500","chr1:118759192-118759750","chr1:119049894-119050421","chr1:125389646-125390723","chr1:12718066-12718512","chr1:127556078-127556507","chr1:12814288-12814872","chr1:130984438-130984914","chr1:131078644-131079384","chr1:132660221-132660901","chr1:133079806-133080388","chr1:137650116-137650512","chr1:153641379-153641979","chr1:153703458-153704070","chr1:153704843-153705514","chr1:154758796-154759277","chr1:157036683-157037106","chr1:166049106-166049527","chr1:167289569-167290332","chr1:172350433-172350848","chr1:177150333-177150849","chr1:177555511-177556110","chr1:181255466-181255891","chr1:181256248-181256776","chr1:181923340-181923893","chr1:182605269-182605780","chr1:184065998-184066500","chr1:187171918-187172359","chr1:189990969-189991555","chr1:191435418-191435826","chr1:192557888-192558468","chr1:194629258-194629854","chr1:37492831-37493257","chr1:41390162-41390609","chr1:62683015-62683344","chr1:64195908-64196486","chr1:72858707-72859247","chr1:72867470-72867906","chr1:74295588-74296143","chr1:74423893-74424493","chr1:74797444-74797950","chr1:75662614-75663173","chr1:84155262-84155899","chr1:86510875-86511263","chr1:86674805-86675220","chr1:88924104-88924630","chr1:91483649-91484055","chr2:101665318-101665850","chr2:102117251-102117810","chr2:119018810-119019409","chr2:121036558-121037099","chr2:127927367-127927891","chr2:128544547-128545046","chr2:136854621-136855112","chr2:141312086-141312625","chr2:142334417-142334912","chr2:148043502-148044809","chr2:151990913-151991350","chr2:152068869-152069341","chr2:152718126-152718479","chr2:153522226-153522559","chr2:154421002-154421925","chr2:154427766-154428383","chr2:154465809-154466527","chr2:154568749-154569129","chr2:158716085-158716481","chr2:161148209-161148553","chr2:161339135-161339893","chr2:163449231-163449717","chr2:165096275-165096775","chr2:165126885-165127626","chr2:165629864-165630425","chr2:165900204-165900683","chr2:166653353-166653943","chr2:166663254-166663743","chr2:16738192-16738669","chr2:168677600-168678044","chr2:168870371-168870769","chr2:170017419-170017773","chr2:172412371-172412865","chr2:172977296-172977777","chr2:173682805-173683210","chr2:174049595-174050410","chr2:180854579-180855119","chr2:181043750-181044508","chr2:18895973-18896547","chr2:18955043-18955469","chr2:20665624-20666026","chr2:26156622-26156989","chr2:26170877-26171297","chr2:26298375-26299440","chr2:26460885-26461236","chr2:27079069-27079688","chr2:27121991-27122437","chr2:27377720-27378332","chr2:28195721-28196086","chr2:28523520-28524142","chr2:29843126-29843911","chr2:29855569-29856042","chr2:31513554-31514042","chr2:31870632-31871217","chr2:32174131-32174681","chr2:32302647-32303061","chr2:32422083-32422524","chr2:32824066-32824584","chr2:33594757-33595288","chr2:33809620-33810007","chr2:37829835-37830471","chr2:38578505-38579370","chr2:44218479-44218893","chr2:4556951-4557396","chr2:49741903-49742387","chr2:59697895-59698382","chr2:6721012-6721437","chr2:68364092-68364555","chr2:73085822-73086413","chr2:73724886-73725373","chr2:78189435-78190222","chr2:91470114-91470710","chr2:91878793-91879233","chr2:92392190-92392736","chr2:93176785-93177308","chr2:93438310-93438729","chr3:10177952-10178388","chr3:108196852-108197333","chr3:108622669-108623182","chr3:11212301-11212659","chr3:136699713-136700181","chr3:139006230-139006687","chr3:152100256-152100701","chr3:21810173-21810497","chr3:22156235-22156715","chr3:35027897-35028394","chr3:52605379-52605796","chr3:53151549-53152082","chr3:57535689-57536179","chr3:57576539-57576934","chr3:65871072-65871561","chr3:65928862-65929301","chr3:76121455-76121986","chr3:84665455-84665918","chr3:85652143-85652466","chr3:86863387-86864029","chr3:87789795-87790179","chr3:88147492-88147857","chr3:88150482-88150809","chr3:88509262-88510238","chr3:94371593-94372030","chr3:95629698-95630146","chr4:101552408-101552783","chr4:102591822-102592302","chr4:108337942-108338837","chr4:117131729-117132532","chr4:117326956-117327338","chr4:117415704-117416090","chr4:117527453-117527902","chr4:119071317-119071936","chr4:119140902-119141495","chr4:120071557-120071962","chr4:120277180-120277964","chr4:123225923-123226490","chr4:123260029-123260490","chr4:124906175-124906574","chr4:126115821-126116260","chr4:130829290-130829614","chr4:131060459-131061151","chr4:133292405-133293236","chr4:133619613-133620007","chr4:133660049-133660918","chr4:134121541-134121968","chr4:134122206-134122698","chr4:134430398-134430997","chr4:136159870-136160203","chr4:136829797-136830134","chr4:138444622-138445413","chr4:138537146-138537560","chr4:139791711-139792151","chr4:139967372-139968102","chr4:140957640-140958072","chr4:148071428-148071964","chr4:148914865-148915373","chr4:148926342-148926739","chr4:150404576-150405043","chr4:152572138-152572864","chr4:153567557-153568435","chr4:154182961-154183601","chr4:155189743-155190131","chr4:20460242-20460776","chr4:22835380-22836110","chr4:45473167-45473549","chr4:45489932-45490753","chr4:46546608-46547077","chr4:74076704-74077154","chr4:80911884-80912408","chr4:8927142-8927712","chr4:8957636-8958156","chr4:94745275-94745613","chr5:102374157-102374605","chr5:106757835-106758331","chr5:107386348-107386990","chr5:107394456-107394813","chr5:110372074-110372443","chr5:110416686-110417624","chr5:111231630-111232028","chr5:111753564-111753893","chr5:112239061-112239484","chr5:112894808-112895266","chr5:113832588-113832952","chr5:113872767-113874116","chr5:115663591-115664084","chr5:116280373-116280951","chr5:118079293-118079701","chr5:118776301-118776768","chr5:119989096-119989504","chr5:120674249-120675016","chr5:121517825-121518192","chr5:122293779-122294774","chr5:123346267-123346730","chr5:125110762-125111604","chr5:131584462-131585067","chr5:133718453-133718826","chr5:133753745-133754448","chr5:134523723-134524143","chr5:135850879-135851431","chr5:135970210-135970634","chr5:137631312-137631647","chr5:138778680-138779178","chr5:139093453-139094136","chr5:139418676-139419245","chr5:140208623-140209064","chr5:140582965-140584302","chr5:143000715-143001409","chr5:144855926-144856459","chr5:148124868-148125337","chr5:148694236-148694723","chr5:15985839-15986320","chr5:24537647-24538034","chr5:30728699-30729227","chr5:30742255-30742672","chr5:32721244-32721866","chr5:38302738-38303085","chr5:4851502-4851907","chr5:50050053-50050520","chr5:53273659-53274129","chr5:53338335-53338919","chr5:53525493-53526017","chr5:61887901-61888262","chr5:72443886-72444334","chr5:75222693-75223323","chr5:81518790-81520276","chr5:91875834-91876207","chr6:100432641-100433041","chr6:109182897-109183288","chr6:113508893-113509249","chr6:113883320-113883699","chr6:115123142-115123670","chr6:119327771-119328157","chr6:128022239-128022692","chr6:143941227-143941595","chr6:146439657-146440234","chr6:24599676-24600156","chr6:27408477-27408816","chr6:29435930-29436293","chr6:30682435-30682832","chr6:35353982-35354433","chr6:39434900-39435672","chr6:5380418-5381147","chr6:55444212-55444636","chr6:55643395-55643752","chr6:5819609-5820247","chr6:59024265-59024657","chr6:60742724-60743228","chr6:60828603-60829000","chr6:83137624-83138292","chr6:83211463-83212032","chr6:87752828-87753314","chr6:88886298-88886945","chr6:88976465-88976940","chr6:88981294-88982070","chr6:89345839-89346234","chr6:90470863-90471308","chr6:90821856-90822227","chr6:91233580-91233917","chr6:91658245-91658677","chr7:101834935-101835326","chr7:105550370-105550949","chr7:105568585-105569386","chr7:107708522-107708886","chr7:110794665-110795173","chr7:112390231-112391450","chr7:112444647-112445194","chr7:112760574-112761199","chr7:122352640-122353065","chr7:122477938-122478743","chr7:123214266-123214697","chr7:126004587-126005041","chr7:126279679-126280160","chr7:127104366-127105180","chr7:128058516-128059049","chr7:128430890-128431305","chr7:130834927-130835903","chr7:134709118-134709529","chr7:136801266-136801663","chr7:139077318-139077747","chr7:139139735-139140514","chr7:139851561-139851923","chr7:141110737-141111294","chr7:141934322-141935242","chr7:143124249-143124678","chr7:16004413-16004835","chr7:16904311-16904701","chr7:18942326-18942873","chr7:24875753-24876271","chr7:28301637-28302677","chr7:3290223-3290949","chr7:35013337-35013744","chr7:37361646-37362159","chr7:41499500-41499903","chr7:45191662-45192439","chr7:45616279-45616747","chr7:45916687-45917430","chr7:46249685-46250187","chr7:48944450-48945027","chr7:49070794-49071725","chr7:58225702-58226154","chr7:62462102-62462533","chr7:64451519-64451879","chr7:70624549-70624884","chr7:80280044-80280407","chr7:80832911-80833687","chr7:81692889-81693429","chr7:82842227-82842716","chr7:89627951-89628392","chr7:91642019-91642425","chr7:92806661-92807259","chr7:99664894-99665510","chr8:104610119-104610500","chr8:105474157-105474576","chr8:111693051-111693610","chr8:115414137-115414582","chr8:11689864-11690329","chr8:118866321-118866790","chr8:120176976-120177637","chr8:120349651-120350160","chr8:120407767-120408187","chr8:120425115-120425585","chr8:120436496-120437048","chr8:120528115-120528697","chr8:122522950-122523803","chr8:122706127-122706646","chr8:3657032-3657421","chr8:44959495-44959835","chr8:44960969-44961326","chr8:61386739-61387287","chr8:61390933-61391377","chr8:69132129-69132545","chr8:70408421-70409045","chr8:78098081-78098874","chr8:83748713-83749159","chr8:84724685-84725093","chr8:84997965-84998407","chr8:90031200-90031695","chr8:93896775-93897263","chr8:94991974-94992418","chr8:94994024-94994419","chr9:106104275-106104798","chr9:107521105-107521592","chr9:107734518-107734912","chr9:113467701-113468112","chr9:115029215-115029672","chr9:118714452-118714925","chr9:120675513-120676014","chr9:121314005-121314503","chr9:22035516-22035910","chr9:23009425-23009845","chr9:35368944-35369434","chr9:37053980-37054615","chr9:37054785-37055141","chr9:40528655-40529250","chr9:43440977-43441386","chr9:43729545-43730184","chr9:45181770-45182241","chr9:46636154-46636866","chr9:50451853-50452556","chr9:52097476-52097829","chr9:54750162-54750718","chr9:54752457-54753203","chr9:57903568-57903977","chr9:58442987-58443509","chr9:58449437-58449963","chr9:61128050-61128486","chr9:61361099-61361500","chr9:61509436-61509883","chr9:62827413-62827794","chr9:6407949-6408358","chr9:65544808-65545244","chr9:65641178-65641846","chr9:70174273-70174679","chr9:73025763-73026255","chr9:74275931-74276351","chr9:78050595-78051070","chr9:80224200-80224649","chr9:94659409-94660167","chr9:97055879-97056260","chr9:98726606-98727044","chr9:98935482-98936108","chr9:99158315-99158793","chr9:99319491-99320522","chrX:102081833-102082230","chrX:103532593-103532967","chrX:12840095-12840590","chrX:153118869-153119329","chrX:161997290-161997691","chrX:166803099-166803623","chrX:20356172-20356596","chrX:20415024-20415694","chrX:20829017-20829403","chrX:95881121-95881566"],"primaries":[{"motif":{"db":0,"id":"CCCCTCCCCCHYCCC","alt":"MEME-3","len":15,"ltrim":0,"rtrim":0,"nsites":560,"evalue":"4.3e-025","pwm":[[0.00539895,0.903456,4.63667e-05,0.0910976],[4.29031e-05,0.8981,4.63667e-05,0.101811],[0.0268241,0.957018,0.0161145,4.29031e-05],[0.123235,0.708849,4.63667e-05,0.16787],[0.232144,0.0786033,0.133951,0.555301],[4.29031e-05,0.969516,0.0179002,0.0125407],[0.0411066,0.958804,4.63667e-05,4.29031e-05],[0.0375362,0.767766,0.0286123,0.166084],[4.29031e-05,0.949877,4.63667e-05,0.050034],[4.29031e-05,0.849895,0.0696769,0.0803856],[0.382118,0.339272,0.0303979,0.248213],[0.173226,0.394619,0.0821747,0.34998],[0.0964547,0.53388,0.171445,0.198222],[0.0857416,0.53745,0.180371,0.196437],[0.0678878,0.616007,0.0661056,0.249998]]},"secondaries":[[{"idx":11,"counts":[[27,21,15,27,17,17,18,13,23,27,18,28,21,21,22,12,15,24,19,19,19,23,11,15,20,20,22,12,19,27,12,16,20,14,19,19,24,18,16,22,11,8,13,15,16,11,22,19,14,21,13,10,18,13,12,17,13,8,9,14,10,4,12,4,8,13,14,11,19,10,18,19,10,17,6,13,11,11,17,8,17,13,14,11,7,14,7,10,8,10,7,16,6,15,12,10,14,9,12,9,9,10,4,14,12,8,13,7,12,9,9,5,17,18,8,10,9,5,4,12,8,6,4,5,10,9,11,9,4,6,14,6,8,5,8,4,7,8,6,5,7,6,10,9,0],[23,22,31,28,14,19,22,15,17,23,18,18,34,18,16,24,27,13,17,9,19,17,21,21,25,11,17,16,13,22,28,14,17,18,15,11,8,16,13,16,23,21,18,15,18,8,11,16,17,7,13,14,16,18,17,17,11,13,15,22,16,15,16,13,10,13,4,15,16,13,14,15,15,12,7,9,6,17,9,12,7,16,16,12,7,12,18,12,9,11,13,8,9,10,11,9,14,7,4,8,6,6,8,11,8,9,9,15,8,7,11,7,12,3,4,10,6,2,7,15,7,8,9,6,6,6,7,12,8,10,8,9,9,8,6,13,8,8,5,13,6,5,6,9,0],[28,28,13,13,24,16,20,11,13,24,29,16,18,20,16,20,13,8,21,16,17,20,23,15,13,15,21,17,11,21,23,12,12,17,16,16,21,22,12,15,16,9,7,10,12,16,11,18,18,12,19,13,10,8,11,13,18,15,5,7,15,5,5,14,7,5,9,20,7,19,13,19,16,12,15,5,7,9,13,15,10,16,13,16,6,8,14,9,9,3,7,12,14,11,15,7,7,13,7,15,10,10,9,7,9,10,6,9,5,6,13,9,6,13,6,9,9,8,8,3,6,7,5,5,9,9,4,10,5,7,2,10,7,5,4,6,2,10,9,5,5,7,8,8,0],[17,26,20,13,21,17,13,16,17,18,20,32,16,9,18,23,11,16,17,14,11,21,19,24,14,18,23,13,20,22,9,21,16,16,14,9,9,13,15,18,14,8,14,18,14,7,15,11,10,15,15,13,15,14,16,9,14,18,17,10,13,23,14,8,12,5,13,12,12,14,9,11,6,8,8,6,19,9,7,10,11,9,10,6,9,14,8,11,12,10,8,9,8,12,10,7,4,6,10,7,11,9,13,10,12,7,14,7,8,10,9,7,2,5,6,7,3,10,11,4,8,9,8,1,8,9,8,9,11,9,6,7,6,8,12,11,7,7,10,3,4,5,7,13,0]],"spacings":[{"orient":5,"bin":11,"pvalue":1.58849e-09,"inferred_pwm":[[0,0.983333,0.0166667,0],[0.933333,0,0,0.0666667],[0,0.116667,0.866667,0.0166667],[0,0.933333,0.0666667,0],[0.1,0,0,0.9],[0,0.0166667,0.966667,0.0166667],[0.0666667,0.616667,0.15,0.166667]],"alignment_pwm":[[[0.214286,0.392857,0.107143,0.285714],[0.25,0.25,0.285714,0.214286],[0.0714286,0.321429,0.285714,0.321429],[0.107143,0.464286,0.357143,0.0714286],[0.321429,0.5,0.0714286,0.107143],[0.357143,0.357143,0.142857,0.142857],[0.142857,0.392857,0.214286,0.25],[0.321429,0.357143,0.107143,0.214286],[0.321429,0.107143,0.25,0.321429],[0.142857,0.321429,0.392857,0.142857],[0,1,0,0],[0.964286,0,0,0.0357143],[0,0.214286,0.75,0.0357143],[0,0.928571,0.0714286,0],[0.142857,0,0,0.857143],[0,0.0357143,0.964286,0],[0.0357143,0.75,0.0714286,0.142857],[0.25,0.142857,0.107143,0.5],[0.0714286,0.25,0.5,0.178571],[0.142857,0.357143,0.25,0.25],[0.178571,0.321429,0.142857,0.357143],[0.0714286,0.321429,0.392857,0.214286],[0.0357143,0.5,0.25,0.214286],[0.321429,0.285714,0.107143,0.285714],[0.0357143,0.464286,0.214286,0.285714],[0.178571,0.428571,0.142857,0.25],[0.178571,0.214286,0.392857,0.214286],[0.0357143,0.392857,0.428571,0.142857],[0,0.821429,0,0.178571],[0,0.714286,0,0.285714],[0.0714286,0.857143,0.0714286,0],[0.107143,0.571429,0,0.321429],[0.321429,0,0.357143,0.321429],[0,0.892857,0,0.107143],[0.0714286,0.928571,0,0],[0.142857,0.535714,0.0357143,0.285714],[0,0.964286,0,0.0357143],[0,0.928571,0,0.0714286],[0.321429,0.321429,0,0.357143],[0.0714286,0.535714,0.0714286,0.321429],[0.142857,0.571429,0.0714286,0.214286],[0.0714286,0.5,0.25,0.178571],[0.178571,0.428571,0.214286,0.178571],[0.357143,0.357143,0.0357143,0.25],[0.25,0.25,0.214286,0.285714],[0.142857,0.357143,0.178571,0.321429],[0.0714286,0.428571,0.25,0.25],[0.107143,0.5,0.214286,0.178571],[0.214286,0.392857,0.142857,0.25],[0.107143,0.464286,0.357143,0.0714286],[0.214286,0.142857,0.25,0.392857],[0.0714286,0.321429,0.357143,0.25],[0.178571,0.357143,0.214286,0.25],[0.178571,0.321429,0.25,0.25],[0.0714286,0.571429,0.178571,0.178571],[0.285714,0.321429,0.107143,0.285714],[0.107143,0.392857,0.214286,0.285714],[0.214286,0.321429,0.178571,0.285714],[0.107143,0.285714,0.357143,0.25],[0.214286,0.321429,0.25,0.214286],[0.178571,0.321429,0.214286,0.285714],[0.178571,0.357143,0.357143,0.107143],[0.142857,0.321429,0.25,0.285714],[0.142857,0.357143,0.25,0.25],[0.142857,0.392857,0.25,0.214286],[0.142857,0.285714,0.178571,0.392857],[0.142857,0.5,0.178571,0.178571],[0.178571,0.357143,0.25,0.214286],[0.25,0.214286,0.321429,0.214286],[0.0714286,0.428571,0.357143,0.142857],[0.25,0.25,0.214286,0.285714]],null,null,[[0.21875,0.34375,0.21875,0.21875],[0.1875,0.34375,0.3125,0.15625],[0.15625,0.46875,0.21875,0.15625],[0.34375,0.28125,0.15625,0.21875],[0.125,0.25,0.40625,0.21875],[0.25,0.3125,0.1875,0.25],[0.21875,0.4375,0.21875,0.125],[0.25,0.3125,0.1875,0.25],[0.1875,0.21875,0.34375,0.25],[0.09375,0.3125,0.3125,0.28125],[0.34375,0.28125,0.21875,0.15625],[0.125,0.4375,0.1875,0.25],[0.21875,0.40625,0.125,0.25],[0.21875,0.46875,0.0625,0.25],[0.21875,0.34375,0.25,0.1875],[0.15625,0.21875,0.3125,0.3125],[0.0625,0.28125,0.34375,0.3125],[0.125,0.3125,0.25,0.3125],[0.125,0.34375,0.3125,0.21875],[0.3125,0.3125,0.125,0.25],[0.09375,0.28125,0.25,0.375],[0.21875,0.1875,0.34375,0.25],[0.1875,0.40625,0.1875,0.21875],[0.28125,0.25,0.28125,0.1875],[0.1875,0.4375,0.21875,0.15625],[0.3125,0.34375,0.09375,0.25],[0.28125,0.125,0.375,0.21875],[0.15625,0.3125,0.34375,0.1875],[0,0.9375,0,0.0625],[0,0.75,0,0.25],[0,0.90625,0.09375,0],[0.28125,0.5,0,0.21875],[0.21875,0.15625,0.09375,0.53125],[0,0.9375,0,0.0625],[0.0625,0.9375,0,0],[0.0625,0.65625,0,0.28125],[0,0.875,0,0.125],[0,0.875,0,0.125],[0.46875,0.3125,0.03125,0.1875],[0.125,0.4375,0.15625,0.28125],[0.1875,0.34375,0.21875,0.25],[0.0625,0.5625,0.1875,0.1875],[0.0625,0.625,0.09375,0.21875],[0.125,0.375,0.25,0.25],[0.15625,0.28125,0.21875,0.34375],[0.21875,0.375,0.3125,0.09375],[0.09375,0.5625,0.125,0.21875],[0.15625,0.375,0.15625,0.3125],[0.15625,0.28125,0.375,0.1875],[0.25,0.28125,0.25,0.21875],[0.21875,0.25,0.21875,0.3125],[0.125,0.1875,0.34375,0.34375],[0.125,0.5,0.21875,0.15625],[0.28125,0.125,0.25,0.34375],[0.1875,0.21875,0.5,0.09375],[0.03125,0.96875,0,0],[0.9375,0,0,0.0625],[0,0.0625,0.9375,0],[0,0.96875,0.03125,0],[0.09375,0,0,0.90625],[0,0.03125,0.96875,0],[0.15625,0.4375,0.21875,0.1875],[0.125,0.4375,0.125,0.3125],[0.15625,0.28125,0.28125,0.28125],[0.15625,0.25,0.21875,0.375],[0.09375,0.28125,0.3125,0.3125],[0.21875,0.4375,0.1875,0.15625],[0.21875,0.21875,0.28125,0.28125],[0.09375,0.34375,0.28125,0.28125],[0.25,0.1875,0.28125,0.28125],[0.03125,0.46875,0.21875,0.28125]]],"seqs":[11,13,98,104,139,149,221,236,248,265,335,359,380,400,464,480,483,506,507,563,577,585,590,600,618,640,653,693,80,81,100,113,122,135,144,146,211,223,266,269,280,284,295,317,322,347,349,382,441,468,487,547,573,626,637,639,648,652,657,689]},{"orient":8,"bin":1,"pvalue":1.67078e-09,"inferred_pwm":[[0.0103093,0.958763,0.0206186,0.0103093],[0.938144,0.0103093,0.0206186,0.0309278],[0.0103093,0.113402,0.845361,0.0309278],[0.0515464,0.865979,0.0824742,0],[0.0824742,0.0206186,0,0.896907],[0,0.0103093,0.989691,0],[0.0515464,0.783505,0.123711,0.0412371]],"alignment_pwm":[[[0.333333,0.285714,0.190476,0.190476],[0.285714,0.285714,0.190476,0.238095],[0.333333,0.142857,0.238095,0.285714],[0.142857,0.571429,0.142857,0.142857],[0.190476,0.52381,0.047619,0.238095],[0.285714,0.380952,0.142857,0.190476],[0.190476,0.0952381,0.238095,0.47619],[0.0952381,0.428571,0.238095,0.238095],[0.238095,0.285714,0.142857,0.333333],[0.285714,0.428571,0.142857,0.142857],[0,0.952381,0.047619,0],[0.809524,0.047619,0.0952381,0.047619],[0.047619,0.190476,0.714286,0.047619],[0,1,0,0],[0,0.047619,0,0.952381],[0,0.047619,0.952381,0],[0.047619,0.857143,0.047619,0.047619],[0.0952381,0.428571,0.047619,0.428571],[0.047619,0.619048,0,0.333333],[0,0.714286,0,0.285714],[0,1,0,0],[0.142857,0.714286,0,0.142857],[0.428571,0.0952381,0.047619,0.428571],[0,0.904762,0.047619,0.047619],[0.047619,0.952381,0,0],[0.190476,0.619048,0,0.190476],[0,0.904762,0,0.0952381],[0,0.904762,0,0.0952381],[0.428571,0.333333,0.047619,0.190476],[0.190476,0.285714,0.238095,0.285714],[0,0.52381,0.190476,0.285714],[0.0952381,0.571429,0.0952381,0.238095],[0.0952381,0.619048,0.0952381,0.190476],[0.333333,0.190476,0.190476,0.285714],[0.238095,0.285714,0.285714,0.190476],[0.238095,0.333333,0.142857,0.285714],[0.238095,0.380952,0.142857,0.238095],[0.285714,0.47619,0.190476,0.047619],[0.190476,0.333333,0.380952,0.0952381],[0.142857,0.380952,0.142857,0.333333],[0.142857,0.428571,0.190476,0.238095],[0.142857,0.52381,0.190476,0.142857],[0.285714,0.52381,0.047619,0.142857],[0.190476,0.333333,0.142857,0.333333],[0.190476,0.333333,0.238095,0.238095],[0.238095,0.380952,0.142857,0.238095],[0.142857,0.238095,0.333333,0.285714],[0.333333,0.333333,0.333333,0],[0.285714,0.571429,0.047619,0.0952381],[0.190476,0.428571,0.0952381,0.285714],[0.142857,0.285714,0.285714,0.285714]],[[0.136364,0.409091,0.227273,0.227273],[0.5,0.318182,0.136364,0.0454545],[0.318182,0.409091,0.0909091,0.181818],[0.136364,0.409091,0.272727,0.181818],[0.318182,0.227273,0.272727,0.181818],[0.272727,0.227273,0.318182,0.181818],[0.181818,0.409091,0.227273,0.181818],[0.136364,0.409091,0.227273,0.227273],[0.227273,0.272727,0.318182,0.181818],[0.136364,0.5,0.181818,0.181818],[0.181818,0.318182,0.318182,0.181818],[0.136364,0.454545,0.227273,0.181818],[0.0454545,0.5,0.136364,0.318182],[0.136364,0.409091,0.136364,0.318182],[0.227273,0.409091,0.227273,0.136364],[0.0454545,0.454545,0.136364,0.363636],[0.318182,0.318182,0.181818,0.181818],[0.136364,0.318182,0.227273,0.318182],[0,0.863636,0,0.136364],[0,0.818182,0,0.181818],[0.0454545,0.863636,0.0909091,0],[0.136364,0.636364,0,0.227273],[0.136364,0,0.181818,0.681818],[0,0.954545,0,0.0454545],[0.227273,0.772727,0,0],[0.0909091,0.545455,0.0454545,0.318182],[0,0.818182,0,0.181818],[0,0.863636,0.0909091,0.0454545],[0.272727,0.545455,0.0454545,0.136364],[0.363636,0.409091,0.0909091,0.136364],[0.136364,0.636364,0.0909091,0.136364],[0,0.636364,0.136364,0.227273],[0.409091,0.363636,0.0454545,0.181818],[0.181818,0.318182,0.363636,0.136364],[0.0454545,0.863636,0.0454545,0.0454545],[0.909091,0,0,0.0909091],[0,0.0909091,0.863636,0.0454545],[0.0454545,0.954545,0,0],[0.136364,0,0,0.863636],[0,0,1,0],[0,0.772727,0.181818,0.0454545],[0.181818,0.409091,0.0909091,0.318182],[0.181818,0.181818,0.363636,0.272727],[0.227273,0.227273,0.227273,0.318182],[0.272727,0.227273,0.181818,0.318182],[0.0909091,0.409091,0.272727,0.227273],[0.454545,0.0909091,0.363636,0.0909091],[0.181818,0.227273,0.363636,0.227273],[0.136364,0.363636,0.227273,0.272727],[0.181818,0.409091,0.227273,0.181818],[0.363636,0.136364,0.272727,0.227273]],[[0.357143,0.214286,0.25,0.178571],[0.285714,0.357143,0.214286,0.142857],[0.214286,0.357143,0.214286,0.214286],[0.0357143,0.285714,0.392857,0.285714],[0.142857,0.178571,0.428571,0.25],[0.142857,0.428571,0.178571,0.25],[0.321429,0.25,0.285714,0.142857],[0.285714,0.285714,0.285714,0.142857],[0.25,0.428571,0.178571,0.142857],[0.464286,0.107143,0.25,0.178571],[0.0357143,0.178571,0.75,0.0357143],[0,1,0,0],[0.857143,0,0.0357143,0.107143],[0,0.142857,0.75,0.107143],[0,0.892857,0.107143,0],[0,0,0,1],[0,0,1,0],[0,0.357143,0.285714,0.357143],[0,0.642857,0,0.357143],[0,0.75,0,0.25],[0,1,0,0],[0.285714,0.5,0,0.214286],[0.178571,0.0714286,0.25,0.5],[0,0.892857,0.0357143,0.0714286],[0.214286,0.785714,0,0],[0.178571,0.464286,0.0357143,0.321429],[0,0.892857,0,0.107143],[0,0.892857,0,0.107143],[0.285714,0.357143,0,0.357143],[0.107143,0.428571,0.178571,0.285714],[0.0357143,0.571429,0.142857,0.25],[0,0.642857,0.178571,0.178571],[0.142857,0.5,0.142857,0.214286],[0.214286,0.25,0.321429,0.214286],[0.285714,0.214286,0.285714,0.214286],[0.25,0.321429,0.214286,0.214286],[0.25,0.535714,0.214286,0],[0.214286,0.357143,0.25,0.178571],[0.107143,0.357143,0.321429,0.214286],[0.285714,0.392857,0.107143,0.214286],[0.142857,0.321429,0.214286,0.321429],[0.107143,0.321429,0.285714,0.285714],[0.321429,0.357143,0.107143,0.214286],[0.178571,0.321429,0.285714,0.214286],[0.0714286,0.321429,0.214286,0.392857],[0.214286,0.392857,0.214286,0.178571],[0.321429,0.25,0.142857,0.285714],[0.25,0.25,0.285714,0.214286],[0.25,0.214286,0.285714,0.25],[0.178571,0.392857,0.285714,0.142857],[0.142857,0.357143,0.107143,0.392857]],[[0.192308,0.230769,0.269231,0.307692],[0.153846,0.423077,0.307692,0.115385]