# R script for Peak Model
#  -- generated by MACS
p <- c(0.2525029715655411,0.29464759357165865,0.3365851893644128,0.3793706067928455,0.42212644904794067,0.4217518301856641,0.4212490522389244,0.4203617970387956,0.4206378319899468,0.4207955662477475,0.4197702935720431,0.4186661537674384,0.41933652436309127,0.4172169702738947,0.4151171329669232,0.41446647915349544,0.4148706731891097,0.41373695821116735,0.4134904984333538,0.4123765002376365,0.4120511733309226,0.4116174041219708,0.40945841646832404,0.4107498657040671,0.41065128179294164,0.4113019356063694,0.41083859122407995,0.4110554758285559,0.4107794408774047,0.4115089618197328,0.4119723062020223,0.4108287328329674,0.41231734989096125,0.41147938664639516,0.411893439073122,0.41025694614843994,0.40992176085061355,0.4101977958017647,0.41002034476173893,0.4095077084238868,0.40877818748155864,0.4104245387973532,0.4086993203526583,0.40825569275259393,0.40651075752567395,0.40475596390764146,0.40116750954267616,0.3992451232757304,0.40308989580962185,0.4081866840148061,0.4184196939896248,0.4451753674690641,0.49140136339577406,0.5397271966294556,0.5912274318013755,0.6487610023341712,0.7119434309744537,0.7754018945658873,0.8314665648229143,0.8853328138618443,0.9326925247664967,0.9620803886729846,0.9716233112699254,0.9789678126487693,0.9833055047382878,0.9837688491205773,0.9807423230490269,0.9738808828346975,0.9682813166827736,0.9605720548327658,0.9547358872941408,0.9505657878535355,0.9461985205906793,0.9405398040920802,0.935699334055822,0.9300307591661102,0.9234847874673823,0.91769791188432,0.9128673002391744,0.9093281378297718,0.9057889754203692,0.899657056148368,0.89718259997912,0.8932885354896658,0.8902028590714401,0.8859243173285969,0.8816556339768661,0.8747350434158615,0.8697072639484651,0.8632204425964124,0.8581828047379033,0.8548999604974268,0.8477822021141714,0.8419066010110963,0.836208450948047,0.8303328498449719,0.8238854620573693,0.821696899230385,0.8159297404295478,0.8102710239309486,0.8020885593075388,0.7898345791546488,0.7658392551867214,0.7288111381680132,0.6884410265621532,0.6462569709915855,0.601766051900683,0.5535880945336897,0.505311553255571,0.4584250451243207,0.41572835321590085,0.37556526782340427,0.3494010978107175,0.3370879673111524,0.32686481572744625,0.3198752164286539,0.3167402480548655,0.3149460208723828,0.31565582503248585,0.3171050085260296,0.31569525859693603,0.3147587114412445,0.31291519230319914,0.31176176054303173,0.3120377954941829,0.3107857798228901,0.30911971172487046,0.3086366505603559,0.30633964543113357,0.3040130651285736,0.30198223655938994,0.30224841311942857,0.3025145896794672,0.3017949271282517,0.29982324890574324,0.2988965601411643,0.2990050024434022,0.2977332699898843,0.2984627909322124,0.2984134989766497,0.2988472681856016,0.2967770060519677,0.29631366166967826,0.29533768094953655,0.29509122117172304,0.2952982473850864,0.29343501146481593,0.2925576146557997,0.2899845745754262,0.28880156764192116,0.2882692145218439,0.2901028752687767,0.2887917092508086,0.288998735464172,0.2890184522463971,0.28825935613073134,0.2881903473929435,0.2888410012063713,0.29004372492210145,0.2904183437843781,0.2906845203444167,0.2896789644509374,0.2893930711086737,0.2887029837307957,0.28786502048622964,0.2879143124417924,0.28797346278846764,0.28769742783731644,0.28764813588175375,0.2873326673661524,0.2864749873393612,0.28617923560598496,0.28679045585496254,0.2888311428152588,0.28917618650419774,0.2880819050907056,0.2885846830374452,0.28825935613073134,0.2889297267263842,0.2884368071707571,0.28924519524198555,0.289708539624275,0.28853539108188253,0.2871946498905768,0.2885058159085449,0.289471938237574,0.2901916007887896,0.2900141497487638,0.2893832127175611,0.29083239621110485,0.2900141497487638,0.2895409469753618,0.2905366444777286,0.29128588220228174,0.29072395390886685,0.29195625279793463,0.29013245044211433,0.292163279011298,0.2926069066113624,0.29164078428233325,0.29183795210458413,0.29303081742920173,0.29355331215816644,0.2924393139624492,0.291216873464494,0.29099998886001804,0.2915027668067577,0.2900338665309889,0.28931420397977337,0.2892649120242106,0.2603699676733497,0.2301441405222956,0.20096330282917094,0.17238382699391136,0.0)
