# R script for Peak Model
#  -- generated by MACS
p <- c(0.20259638290174536,0.2359437573788865,0.2698329651193195,0.3027698598515426,0.33603513837970017,0.33459845927248705,0.335279855649051,0.33432754264084114,0.33453278251330015,0.33449173453880837,0.3341305123632805,0.3349514718531166,0.3337282422132608,0.3336461462642772,0.33395811087041494,0.3335804695050903,0.3321766287774706,0.33408125479389034,0.33432754264084114,0.33261173730708377,0.33151165159070345,0.3300421341038969,0.33091235116312306,0.3301078108630837,0.329089821095687,0.3296152351691821,0.3290159347416018,0.3277106091527624,0.32693069763741817,0.3269389072323165,0.32702921277619845,0.327086679940487,0.3267500865496542,0.32711951832008046,0.3281128793027821,0.32780912429154274,0.3285479878323952,0.3276449323935755,0.3264381219435165,0.32728371021804764,0.32609331895778537,0.3255350665046968,0.32473873579955587,0.3232692183127493,0.3204122792881198,0.3192629360023493,0.3167918479379427,0.31759638823798203,0.32175044325655255,0.3260440613883952,0.3364045701501264,0.3730522017764086,0.4371116707683171,0.5095941841259437,0.5808945158182064,0.6538203473003446,0.7380015333881351,0.8197690985758077,0.8968900330510081,0.972861624240438,1.0410094714917302,1.0826403272213172,1.0983042342873894,1.1080161850521502,1.1164063910382749,1.1219314484048717,1.1177938125760978,1.1112753942267994,1.1073429982704845,1.1033613447447796,1.1040345315264453,1.1052413419765044,1.1031561048723206,1.100890256680373,1.1004961961252517,1.0994946255476519,1.0976146283159272,1.0977377722394026,1.0976638858853174,1.0959973381209502,1.092713500161606,1.0868354302143797,1.0819753500345501,1.0794221660211598,1.075374835736268,1.0710565888197303,1.0672144984072975,1.0624611429611468,1.0567636841016843,1.0527081442218942,1.0458120845072711,1.0421752339672974,1.040073577673317,1.032512540771927,1.0286129831952056,1.0232603273214744,1.0182524744334742,1.0145909951088055,1.0081710918982874,1.0001585272774873,0.990249546235166,0.9807264161530675,0.9428637644818281,0.8802902321665228,0.8157956546450011,0.7515309457806335,0.6832106970364759,0.6108677467921213,0.5387628747998193,0.46660053564322873,0.4015394960737202,0.33382675735204115,0.294379653865418,0.28210630949236876,0.27012851053566045,0.26063000923825713,0.25599158812068334,0.2545466994185719,0.2562214567778374,0.257781279808526,0.2565416309788735,0.25672224206663746,0.2569274819390965,0.25721481776053906,0.25774844142893255,0.2576252975054571,0.2561721992084473,0.2557535098686309,0.25386530304200794,0.2533809369430046,0.2533480985634112,0.2544728130644866,0.25347945208178496,0.25296224760318825,0.2512382326745325,0.25141884376229645,0.25160766444495875,0.25128749024392266,0.2511889751051423,0.2514270533571948,0.25191141945619805,0.25102478320717514,0.25045832115918826,0.2496702000489456,0.25063072265205383,0.2496291520744538,0.2493992834172997,0.24867683906624397,0.25070460900613906,0.2502284525020341,0.25153377809087346,0.2508770104990046,0.2526092350225587,0.25354512884097186,0.25406233331956857,0.25496538875838826,0.2563363911064145,0.25659909814316206,0.2560654744747686,0.25772381264423744,0.2573872192534047,0.2581507115789522,0.25715735059625056,0.2580275676554768,0.2575842495309653,0.25774844142893255,0.25765813588505054,0.25884031755041453,0.2583477418565129,0.2583477418565129,0.25814250198405386,0.2582245979330375,0.26033446382191616,0.2605725420739686,0.2616562086005522,0.2619107060424014,0.2617465141444342,0.2612703576403293,0.26232118578731944,0.2616479990056539,0.26232118578731944,0.2629369054046965,0.2616562086005522,0.26110616574236206,0.26140171115870303,0.2625182160648801,0.2634787386679883,0.2643735845119096,0.2649810945343883,0.2662289529589391,0.2654572510384932,0.2655311373925785,0.2663603064773129,0.2657774252395293,0.26445568046089324,0.2646280819537588,0.2634623194781916,0.26375786489453257,0.2634623194781916,0.2626906175577457,0.2629204862148998,0.26354441542717516,0.26251000646998174,0.26282197107611943,0.2640369911210768,0.2638974280078047,0.26382354165371946,0.26282197107611943,0.26238686254650634,0.2631339356822571,0.23746253243508325,0.2106089475225454,0.1848308195416928,0.15870788857510906,0.0)
