# R script for Peak Model
#  -- generated by MACS
p <- c(0.18539409277975127,0.21722099049875387,0.24920074743329265,0.2806173388369087,0.31231551300598615,0.3138280147176071,0.31409350703932776,0.31517961199182154,0.31647489271294377,0.31781039954341755,0.3169173799158116,0.3158071392977068,0.31638639527237017,0.3169012894720709,0.31708632957508837,0.3176173142185298,0.31824484152441507,0.3184781529586545,0.3179149874277318,0.3169012894720709,0.31584736540705843,0.31707023913134774,0.3149302101138415,0.31372342683329285,0.31344988928970186,0.3113179054940659,0.31044097631020057,0.31011916743538764,0.3108754182911981,0.31129376982845497,0.3116638500344899,0.3105375189726445,0.3109639157317717,0.3124040104465597,0.31072255907566193,0.3116397143688789,0.31196152324369186,0.31158339781578664,0.3113259507159363,0.31042488586645994,0.3110363227286046,0.31118113672227043,0.31229137734037515,0.310996096619253,0.3124522817777816,0.31118918194414075,0.31012721265725796,0.3098214942261856,0.3117523474750634,0.317721902102844,0.3260889328479812,0.3647703596005,0.43259157996733316,0.5009920563088297,0.5749759166283311,0.6512848460683563,0.7336196466892544,0.8185691444180079,0.9008556737076839,0.9796264410400284,1.0542297834435448,1.0977383433182581,1.1114795822727719,1.1244806608152158,1.1329281437790564,1.13971831103761,1.1391631907285575,1.138575889532024,1.1369507547142184,1.1341510175033456,1.1318822649359142,1.1337568016316997,1.1315121847298792,1.1323891139137445,1.1309892453083081,1.130216904008757,1.1281010106568619,1.1268700917107022,1.1245289321464378,1.123861178731201,1.1252610473366373,1.12061090909559,1.1185432870749166,1.1151723391112507,1.1110129594042932,1.106491544713171,1.105300851876363,1.1007231206321484,1.0963143390472108,1.0898218449978592,1.0824121956552906,1.07545307873746,1.0742784763443929,1.0699099208688068,1.0650827877466122,1.0645196222156894,1.0618646989984826,1.0562008628017743,1.0545515923183577,1.0483326358125973,1.0407781724763627,1.0314537603286569,0.9902059077995047,0.9242029075753648,0.8567759030801776,0.7837011528320227,0.7104172268152393,0.6344783775812491,0.5517734967543162,0.4776850485505004,0.4035000576842408,0.33421460693700866,0.29306329707030027,0.2791128823471581,0.2684288277033675,0.25969976197406575,0.25233033874084876,0.24936969709256945,0.2505442994856368,0.2506891134793026,0.25082588225109814,0.25048798293254454,0.2501822645014722,0.249160521323941,0.24924097354264427,0.2490881143271081,0.24836404435877893,0.24831577302755697,0.24905593343962681,0.24847667746496346,0.24879848633977644,0.24960300852680886,0.24950646586436495,0.2498845912922702,0.24914443088020038,0.2492892448738662,0.2502224906108238,0.25002940528593603,0.24945014931127268,0.24945014931127268,0.24946623975501334,0.24867780801172157,0.24809855203705822,0.2484284061337415,0.24827554691820536,0.24730207507189614,0.2457654376946642,0.24708485408139738,0.24727793940628515,0.24681936175967667,0.24665845732227018,0.2477928336059859,0.24848472268683378,0.24784110493720785,0.24848472268683378,0.24848472268683378,0.2495145110862353,0.24776869794037493,0.2483559991369086,0.24961105374867917,0.24973977729860436,0.24840427046813054,0.2463688293349385,0.24797787370900337,0.2487904411179061,0.24947428497688368,0.2498524104047889,0.25187176109424025,0.2517832636536667,0.25047993771067417,0.2506167064824697,0.2509867866885046,0.25312681570601087,0.25239470051581137,0.2517108566568338,0.2518476254286293,0.25185567065049963,0.2513810025601505,0.2510752841290782,0.25224988652214553,0.2520407107535171,0.2516786757693525,0.2521533438597016,0.25196830375668416,0.25150168088820535,0.251791308875537,0.25233033874084876,0.2517189018787041,0.2513568668945395,0.25016617405773156,0.2503190332732677,0.25198439420042484,0.25073738481052454,0.25056038992937746,0.2504155759357116,0.24977195818608566,0.25047189248880386,0.25003745050780635,0.25146145477885373,0.2528050068311979,0.25348885069017546,0.2525395145094772,0.25262801195005075,0.25271650939062434,0.2539554735586543,0.2536417099057116,0.2522016151909236,0.25306245393104826,0.2531831322591031,0.2525475597313475,0.22680284974631001,0.20179830017334235,0.17703510725648441,0.15193401502107284,0.0)
